,,0
0,0,0
0,1,6273378
0,2,17943273
0,3,21889250
0,4,2996083
0,5,122094080
0,6,16108413
0,7,21716013
0,8,3888513
0,9,63599416
0,10,11704638
0,11,112617127
0,12,17849973
0,13,10587733
0,14,15191103
0,15,22956103
0,16,71598227
0,17,23700123
0,18,17042825
0,19,22453893
0,20,21260658
0,21,8219439
0,22,12637668
0,23,36220707
0,24,2127043
0,25,5446538
0,26,3552648
0,27,20090583
0,28,15999213
1,0,6273378
1,1,0
1,2,11669895
1,3,15615872
1,4,3277295
1,5,128367458
1,6,9835035
1,7,15442635
1,8,2384865
1,9,69872794
1,10,5431260
1,11,118890505
1,12,11576595
1,13,4314355
1,14,8917725
1,15,16682725
1,16,77871605
1,17,17426745
1,18,10769447
1,19,16180515
1,20,14987280
1,21,14492817
1,22,6364290
1,23,42494085
1,24,4146335
1,25,826840
1,26,2720730
1,27,13817205
1,28,9725835
2,0,17943273
2,1,11669895
2,2,0
2,3,3945977
2,4,14947190
2,5,140037353
2,6,1834860
2,7,3772740
2,8,14054760
2,9,81542689
2,10,6238635
2,11,130560400
2,12,93300
2,13,7355540
2,14,2752170
2,15,5012830
2,16,89541500
2,17,5756850
2,18,900448
2,19,4510620
2,20,3317385
2,21,26162712
2,22,5305605
2,23,54163980
2,24,15816230
2,25,12496735
2,26,14390625
2,27,2147310
2,28,1944060
3,0,21889250
3,1,15615872
3,2,3945977
3,3,0
3,4,18893167
3,5,143983330
3,6,5780837
3,7,173237
3,8,18000737
3,9,85488666
3,10,10184612
3,11,134506377
3,12,4039277
3,13,11301517
3,14,6698147
3,15,1066853
3,16,93487477
3,17,1810873
3,18,4846425
3,19,564643
3,20,628592
3,21,30108689
3,22,9251582
3,23,58109957
3,24,19762207
3,25,16442712
3,26,18336602
3,27,1798667
3,28,5890037
4,0,2996083
4,1,3277295
4,2,14947190
4,3,18893167
4,4,0
4,5,125090163
4,6,13112330
4,7,18719930
4,8,892430
4,9,66595499
4,10,8708555
4,11,115613210
4,12,14853890
4,13,7591650
4,14,12195020
4,15,19960020
4,16,74594310
4,17,20704040
4,18,14046742
4,19,19457810
4,20,18264575
4,21,11215522
4,22,9641585
4,23,39216790
4,24,869040
4,25,2450455
4,26,556565
4,27,17094500
4,28,13003130
5,0,122094080
5,1,128367458
5,2,140037353
5,3,143983330
5,4,125090163
5,5,0
5,6,138202493
5,7,143810093
5,8,125982593
5,9,58494664
5,10,133798718
5,11,9476953
5,12,139944053
5,13,132681813
5,14,137285183
5,15,145050183
5,16,50495853
5,17,145794203
5,18,139136905
5,19,144547973
5,20,143354738
5,21,113874641
5,22,134731748
5,23,85873373
5,24,124221123
5,25,127540618
5,26,125646728
5,27,142184663
5,28,138093293
6,0,16108413
6,1,9835035
6,2,1834860
6,3,5780837
6,4,13112330
6,5,138202493
6,6,0
6,7,5607600
6,8,12219900
6,9,79707829
6,10,4403775
6,11,128725540
6,12,1741560
6,13,5520680
6,14,917310
6,15,6847690
6,16,87706640
6,17,7591710
6,18,934412
6,19,6345480
6,20,5152245
6,21,24327852
6,22,3470745
6,23,52329120
6,24,13981370
6,25,10661875
6,26,12555765
6,27,3982170
6,28,109200
7,0,21716013
7,1,15442635
7,2,3772740
7,3,173237
7,4,18719930
7,5,143810093
7,6,5607600
7,7,0
7,8,17827500
7,9,85315429
7,10,10011375
7,11,134333140
7,12,3866040
7,13,11128280
7,14,6524910
7,15,1240090
7,16,93314240
7,17,1984110
7,18,4673188
7,19,737880
7,20,455355
7,21,29935452
7,22,9078345
7,23,57936720
7,24,19588970
7,25,16269475
7,26,18163365
7,27,1625430
7,28,5716800
8,0,3888513
8,1,2384865
8,2,14054760
8,3,18000737
8,4,892430
8,5,125982593
8,6,12219900
8,7,17827500
8,8,0
8,9,67487929
8,10,7816125
8,11,116505640
8,12,13961460
8,13,6699220
8,14,11302590
8,15,19067590
8,16,75486740
8,17,19811610
8,18,13154312
8,19,18565380
8,20,17372145
8,21,12107952
8,22,8749155
8,23,40109220
8,24,1761470
8,25,1558025
8,26,335865
8,27,16202070
8,28,12110700
9,0,63599416
9,1,69872794
9,2,81542689
9,3,85488666
9,4,66595499
9,5,58494664
9,6,79707829
9,7,85315429
9,8,67487929
9,9,0
9,10,75304054
9,11,49017711
9,12,81449389
9,13,74187149
9,14,78790519
9,15,86555519
9,16,7998811
9,17,87299539
9,18,80642241
9,19,86053309
9,20,84860074
9,21,55379977
9,22,76237084
9,23,27378709
9,24,65726459
9,25,69045954
9,26,67152064
9,27,83689999
9,28,79598629
10,0,11704638
10,1,5431260
10,2,6238635
10,3,10184612
10,4,8708555
10,5,133798718
10,6,4403775
10,7,10011375
10,8,7816125
10,9,75304054
10,10,0
10,11,124321765
10,12,6145335
10,13,1116905
10,14,3486465
10,15,11251465
10,16,83302865
10,17,11995485
10,18,5338187
10,19,10749255
10,20,9556020
10,21,19924077
10,22,933030
10,23,47925345
10,24,9577595
10,25,6258100
10,26,8151990
10,27,8385945
10,28,4294575
11,0,112617127
11,1,118890505
11,2,130560400
11,3,134506377
11,4,115613210
11,5,9476953
11,6,128725540
11,7,134333140
11,8,116505640
11,9,49017711
11,10,124321765
11,11,0
11,12,130467100
11,13,123204860
11,14,127808230
11,15,135573230
11,16,41018900
11,17,136317250
11,18,129659952
11,19,135071020
11,20,133877785
11,21,104397688
11,22,125254795
11,23,76396420
11,24,114744170
11,25,118063665
11,26,116169775
11,27,132707710
11,28,128616340
12,0,17849973
12,1,11576595
12,2,93300
12,3,4039277
12,4,14853890
12,5,139944053
12,6,1741560
12,7,3866040
12,8,13961460
12,9,81449389
12,10,6145335
12,11,130467100
12,12,0
12,13,7262240
12,14,2658870
12,15,5106130
12,16,89448200
12,17,5850150
12,18,807148
12,19,4603920
12,20,3410685
12,21,26069412
12,22,5212305
12,23,54070680
12,24,15722930
12,25,12403435
12,26,14297325
12,27,2240610
12,28,1850760
13,0,10587733
13,1,4314355
13,2,7355540
13,3,11301517
13,4,7591650
13,5,132681813
13,6,5520680
13,7,11128280
13,8,6699220
13,9,74187149
13,10,1116905
13,11,123204860
13,12,7262240
13,13,0
13,14,4603370
13,15,12368370
13,16,82185960
13,17,13112390
13,18,6455092
13,19,11866160
13,20,10672925
13,21,18807172
13,22,2049935
13,23,46808440
13,24,8460690
13,25,5141195
13,26,7035085
13,27,9502850
13,28,5411480
14,0,15191103
14,1,8917725
14,2,2752170
14,3,6698147
14,4,12195020
14,5,137285183
14,6,917310
14,7,6524910
14,8,11302590
14,9,78790519
14,10,3486465
14,11,127808230
14,12,2658870
14,13,4603370
14,14,0
14,15,7765000
14,16,86789330
14,17,8509020
14,18,1851722
14,19,7262790
14,20,6069555
14,21,23410542
14,22,2553435
14,23,51411810
14,24,13064060
14,25,9744565
14,26,11638455
14,27,4899480
14,28,808110
15,0,22956103
15,1,16682725
15,2,5012830
15,3,1066853
15,4,19960020
15,5,145050183
15,6,6847690
15,7,1240090
15,8,19067590
15,9,86555519
15,10,11251465
15,11,135573230
15,12,5106130
15,13,12368370
15,14,7765000
15,15,0
15,16,94554330
15,17,744020
15,18,5913278
15,19,502210
15,20,1695445
15,21,31175542
15,22,10318435
15,23,59176810
15,24,20829060
15,25,17509565
15,26,19403455
15,27,2865520
15,28,6956890
16,0,71598227
16,1,77871605
16,2,89541500
16,3,93487477
16,4,74594310
16,5,50495853
16,6,87706640
16,7,93314240
16,8,75486740
16,9,7998811
16,10,83302865
16,11,41018900
16,12,89448200
16,13,82185960
16,14,86789330
16,15,94554330
16,16,0
16,17,95298350
16,18,88641052
16,19,94052120
16,20,92858885
16,21,63378788
16,22,84235895
16,23,35377520
16,24,73725270
16,25,77044765
16,26,75150875
16,27,91688810
16,28,87597440
17,0,23700123
17,1,17426745
17,2,5756850
17,3,1810873
17,4,20704040
17,5,145794203
17,6,7591710
17,7,1984110
17,8,19811610
17,9,87299539
17,10,11995485
17,11,136317250
17,12,5850150
17,13,13112390
17,14,8509020
17,15,744020
17,16,95298350
17,17,0
17,18,6657298
17,19,1246230
17,20,2439465
17,21,31919562
17,22,11062455
17,23,59920830
17,24,21573080
17,25,18253585
17,26,20147475
17,27,3609540
17,28,7700910
18,0,17042825
18,1,10769447
18,2,900448
18,3,4846425
18,4,14046742
18,5,139136905
18,6,934412
18,7,4673188
18,8,13154312
18,9,80642241
18,10,5338187
18,11,129659952
18,12,807148
18,13,6455092
18,14,1851722
18,15,5913278
18,16,88641052
18,17,6657298
18,18,0
18,19,5411068
18,20,4217833
18,21,25262264
18,22,4405157
18,23,53263532
18,24,14915782
18,25,11596287
18,26,13490177
18,27,3047758
18,28,1043612
19,0,22453893
19,1,16180515
19,2,4510620
19,3,564643
19,4,19457810
19,5,144547973
19,6,6345480
19,7,737880
19,8,18565380
19,9,86053309
19,10,10749255
19,11,135071020
19,12,4603920
19,13,11866160
19,14,7262790
19,15,502210
19,16,94052120
19,17,1246230
19,18,5411068
19,19,0
19,20,1193235
19,21,30673332
19,22,9816225
19,23,58674600
19,24,20326850
19,25,17007355
19,26,18901245
19,27,2363310
19,28,6454680
20,0,21260658
20,1,14987280
20,2,3317385
20,3,628592
20,4,18264575
20,5,143354738
20,6,5152245
20,7,455355
20,8,17372145
20,9,84860074
20,10,9556020
20,11,133877785
20,12,3410685
20,13,10672925
20,14,6069555
20,15,1695445
20,16,92858885
20,17,2439465
20,18,4217833
20,19,1193235
20,20,0
20,21,29480097
20,22,8622990
20,23,57481365
20,24,19133615
20,25,15814120
20,26,17708010
20,27,1170075
20,28,5261445
21,0,8219439
21,1,14492817
21,2,26162712
21,3,30108689
21,4,11215522
21,5,113874641
21,6,24327852
21,7,29935452
21,8,12107952
21,9,55379977
21,10,19924077
21,11,104397688
21,12,26069412
21,13,18807172
21,14,23410542
21,15,31175542
21,16,63378788
21,17,31919562
21,18,25262264
21,19,30673332
21,20,29480097
21,21,0
21,22,20857107
21,23,28001268
21,24,10346482
21,25,13665977
21,26,11772087
21,27,28310022
21,28,24218652
22,0,12637668
22,1,6364290
22,2,5305605
22,3,9251582
22,4,9641585
22,5,134731748
22,6,3470745
22,7,9078345
22,8,8749155
22,9,76237084
22,10,933030
22,11,125254795
22,12,5212305
22,13,2049935
22,14,2553435
22,15,10318435
22,16,84235895
22,17,11062455
22,18,4405157
22,19,9816225
22,20,8622990
22,21,20857107
22,22,0
22,23,48858375
22,24,10510625
22,25,7191130
22,26,9085020
22,27,7452915
22,28,3361545
23,0,36220707
23,1,42494085
23,2,54163980
23,3,58109957
23,4,39216790
23,5,85873373
23,6,52329120
23,7,57936720
23,8,40109220
23,9,27378709
23,10,47925345
23,11,76396420
23,12,54070680
23,13,46808440
23,14,51411810
23,15,59176810
23,16,35377520
23,17,59920830
23,18,53263532
23,19,58674600
23,20,57481365
23,21,28001268
23,22,48858375
23,23,0
23,24,38347750
23,25,41667245
23,26,39773355
23,27,56311290
23,28,52219920
24,0,2127043
24,1,4146335
24,2,15816230
24,3,19762207
24,4,869040
24,5,124221123
24,6,13981370
24,7,19588970
24,8,1761470
24,9,65726459
24,10,9577595
24,11,114744170
24,12,15722930
24,13,8460690
24,14,13064060
24,15,20829060
24,16,73725270
24,17,21573080
24,18,14915782
24,19,20326850
24,20,19133615
24,21,10346482
24,22,10510625
24,23,38347750
24,24,0
24,25,3319495
24,26,1425605
24,27,17963540
24,28,13872170
25,0,5446538
25,1,826840
25,2,12496735
25,3,16442712
25,4,2450455
25,5,127540618
25,6,10661875
25,7,16269475
25,8,1558025
25,9,69045954
25,10,6258100
25,11,118063665
25,12,12403435
25,13,5141195
25,14,9744565
25,15,17509565
25,16,77044765
25,17,18253585
25,18,11596287
25,19,17007355
25,20,15814120
25,21,13665977
25,22,7191130
25,23,41667245
25,24,3319495
25,25,0
25,26,1893890
25,27,14644045
25,28,10552675
26,0,3552648
26,1,2720730
26,2,14390625
26,3,18336602
26,4,556565
26,5,125646728
26,6,12555765
26,7,18163365
26,8,335865
26,9,67152064
26,10,8151990
26,11,116169775
26,12,14297325
26,13,7035085
26,14,11638455
26,15,19403455
26,16,75150875
26,17,20147475
26,18,13490177
26,19,18901245
26,20,17708010
26,21,11772087
26,22,9085020
26,23,39773355
26,24,1425605
26,25,1893890
26,26,0
26,27,16537935
26,28,12446565
27,0,20090583
27,1,13817205
27,2,2147310
27,3,1798667
27,4,17094500
27,5,142184663
27,6,3982170
27,7,1625430
27,8,16202070
27,9,83689999
27,10,8385945
27,11,132707710
27,12,2240610
27,13,9502850
27,14,4899480
27,15,2865520
27,16,91688810
27,17,3609540
27,18,3047758
27,19,2363310
27,20,1170075
27,21,28310022
27,22,7452915
27,23,56311290
27,24,17963540
27,25,14644045
27,26,16537935
27,27,0
27,28,4091370
28,0,15999213
28,1,9725835
28,2,1944060
28,3,5890037
28,4,13003130
28,5,138093293
28,6,109200
28,7,5716800
28,8,12110700
28,9,79598629
28,10,4294575
28,11,128616340
28,12,1850760
28,13,5411480
28,14,808110
28,15,6956890
28,16,87597440
28,17,7700910
28,18,1043612
28,19,6454680
28,20,5261445
28,21,24218652
28,22,3361545
28,23,52219920
28,24,13872170
28,25,10552675
28,26,12446565
28,27,4091370
28,28,0
